0
0
0
0
0
0
0
0
0
0
0
0
0
0
0
0
0
0
0
4
4
4
4
4
4
0
0
0
0
0
0
0
b
4
4
3
1
1
b
4
4
4
0
0
0
0
0
4
6
2
a
8
8
8
8
4
4
0
0
0
0
0
2
a
8
a
1
1
b
8
9
8
4
0
0
0
b
2
a
8
a
2
8
4
8
8
8
4
0
0
0
3
a
8
8
a
2
8
4
8
8
8
4
0
0
0
3
8
8
8
a
2
8
4
8
8
8
4
4
0
0
3
8
8
8
a
2
8
4
8
8
8
4
4
0
0
3
8
8
8
a
2
8
4
8
8
8
4
4
0
0
3
8
8
8
a
2
8
4
8
8
8
4
4
0
0
3
8
8
8
a
2
8
4
8
8
8
4
4
0
0
3
8
8
8
a
2
8
4
8
8
8
4
4
0
0
4
2
a
8
a
2
8
4
8
8
8
4
0
0
0
0
2
a
8
3
b
4
4
8
8
8
4
0
0
0
0
b
6
a
9
7
7
7
9
4
4
0
0
0
0
0
4
3
3
8
8
8
8
8
4
4
0
0
0
0
0
0
0
4
4
4
4
4
4
0
0
0
0
0
0
0
0
0
3
4
4
4
4
4
0
0
0
0
0
0
0
0
0
0
0
0
0
0
0
0
0
0
0
0
